name: teach_me
channels:
  - pytorch
  - conda-forge
  - defaults
dependencies:
  - blinker=1.6.2=pyhd8ed1ab_0
  - brotlipy=0.7.0=py311ha68e1ae_1005
  - bzip2=1.0.8=h8ffe710_4
  - ca-certificates=2022.12.7=h5b45459_0
  - certifi=2022.12.7=pyhd8ed1ab_0
  - cffi=1.15.1=py311h7d9ee11_3
  - charset-normalizer=3.1.0=pyhd8ed1ab_0
  - click=8.1.3=win_pyhd8ed1ab_2
  - colorama=0.4.6=pyhd8ed1ab_0
  - cryptography=40.0.2=py311h28e9c30_0
  - et_xmlfile=1.1.0=pyhd8ed1ab_0
  - flask=2.3.2=pyhd8ed1ab_0
  - freetype=2.12.1=h546665d_1
  - idna=3.4=pyhd8ed1ab_0
  - importlib-metadata=6.6.0=pyha770c72_0
  - intel-openmp=2023.1.0=h57928b3_46319
  - itsdangerous=2.1.2=pyhd8ed1ab_0
  - jinja2=3.1.2=pyhd8ed1ab_1
  - lcms2=2.15=h3e3b177_1
  - lerc=4.0.0=h63175ca_0
  - libblas=3.9.0=16_win64_mkl
  - libcblas=3.9.0=16_win64_mkl
  - libdeflate=1.18=hcfcfb64_0
  - libexpat=2.5.0=h63175ca_1
  - libffi=3.4.2=h8ffe710_5
  - libhwloc=2.9.1=h51c2c0f_0
  - libiconv=1.17=h8ffe710_0
  - libjpeg-turbo=2.1.5.1=hcfcfb64_0
  - liblapack=3.9.0=16_win64_mkl
  - libpng=1.6.39=h19919ed_0
  - libsqlite=3.40.0=hcfcfb64_1
  - libtiff=4.5.0=h6c8260b_6
  - libwebp-base=1.3.0=hcfcfb64_0
  - libxcb=1.13=hcd874cb_1004
  - libxml2=2.10.4=hc3477c8_0
  - libzlib=1.2.13=hcfcfb64_4
  - m2w64-gcc-libgfortran=5.3.0=6
  - m2w64-gcc-libs=5.3.0=7
  - m2w64-gcc-libs-core=5.3.0=7
  - m2w64-gmp=6.1.0=2
  - m2w64-libwinpthread-git=5.0.0.4634.697f757=2
  - markupsafe=2.1.2=py311ha68e1ae_0
  - mkl=2022.1.0=h6a75c08_874
  - msys2-conda-epoch=20160418=1
  - numpy=1.24.2=py311h0b4df5a_0
  - openai=0.23.1=pyhd8ed1ab_0
  - openjpeg=2.5.0=ha2aaf27_2
  - openpyxl=3.1.2=py311ha68e1ae_0
  - openssl=3.1.0=hcfcfb64_3
  - pandas=2.0.0=py311hf63dbb6_0
  - pandas-stubs=2.0.1.230501=pyhd8ed1ab_0
  - pillow=9.5.0=py311hc67b2de_0
  - pip=23.1.1=pyhd8ed1ab_0
  - pthread-stubs=0.4=hcd874cb_1001
  - pthreads-win32=2.9.1=hfa6e2cd_3
  - pycparser=2.21=pyhd8ed1ab_0
  - pyopenssl=23.1.1=pyhd8ed1ab_0
  - pysocks=1.7.1=pyh0701188_6
  - python=3.11.3=h2628c8c_0_cpython
  - python-dateutil=2.8.2=pyhd8ed1ab_0
  - python-tzdata=2023.3=pyhd8ed1ab_0
  - python_abi=3.11=3_cp311
  - pytz=2023.3=pyhd8ed1ab_0
  - requests=2.29.0=pyhd8ed1ab_0
  - setuptools=67.7.1=pyhd8ed1ab_0
  - six=1.16.0=pyh6c4a22f_0
  - tbb=2021.9.0=h91493d7_0
  - tk=8.6.12=h8ffe710_0
  - tqdm=4.65.0=pyhd8ed1ab_1
  - types-pytz=2023.3.0.0=pyhd8ed1ab_0
  - typing_extensions=4.5.0=pyha770c72_0
  - tzdata=2023c=h71feb2d_0
  - ucrt=10.0.22621.0=h57928b3_0
  - urllib3=1.26.15=pyhd8ed1ab_0
  - vc=14.3=hb6edc58_10
  - vs2015_runtime=14.34.31931=h4c5c07a_10
  - werkzeug=2.3.3=pyhd8ed1ab_0
  - wheel=0.40.0=pyhd8ed1ab_0
  - win_inet_pton=1.1.0=pyhd8ed1ab_6
  - xorg-libxau=1.0.9=hcd874cb_0
  - xorg-libxdmcp=1.1.3=hcd874cb_0
  - xz=5.2.6=h8d14728_0
  - zipp=3.15.0=pyhd8ed1ab_0
  - zstd=1.5.2=h12be248_6
prefix: C:\Users\hicko\miniconda3\envs\recipe_suggester
